# 120 public X post IDs for Issue #5 repeated backend observations.
# First 109: evenly spaced rows from the official Phoenix sports_corpus.npz
# at artifact SHA-256 fbc6017d00588754e22e0c7eb2f786a008a74d309c03c8085fa2fad418a83dac.
# Final 11: scripts.validate_popular.SAMPLE for wider dates and media types.
2055382844306797051
2055381895001628796
2055381110968705123
2055380438965698988
2055379704413090263
2055378989888438275
2055378389653979501
2055377861440045410
2055377418093781109
2055376911585452100
2055376408109560182
2055375926133670140
2055375510255849518
2055375131392819621
2055374724822081675
2055374318494679120
2055373910556729829
2055373579970101506
2055373162292940938
2055372602139394323
2055372090081951844
2055371588388655449
2055371128017743978
2055370664068964857
2055370222136127825
2055369819357090093
2055369392590881270
2055368927568376245
2055368444657512615
2055368004074910134
2055367602206097810
2055367187171344761
2055366735906119735
2055366317922779369
2055365879114645940
2055365458832871441
2055365025502560483
2055364591786590502
2055364212352856432
2055363802535723151
2055363379607285767
2055362940232941936
2055362582090018911
2055362135400522033
2055361593001599032
2055361023754871260
2055360447075721243
2055359827438633077
2055359227145711904
2055358640438030718
2055358043064590605
2055357439084552442
2055356782604620118
2055356114997281171
2055355411029536778
2055354790784225389
2055354111378284849
2055353426419069375
2055352715551625571
2055351945536188866
2055351175059300485
2055350343270006982
2055349499774542237
2055348598632743343
2055347696396112031
2055346921284256128
2055345917004243101
2055344983348023736
2055343975477788704
2055342829828972839
2055341667612258447
2055340416614969386
2055339214158393561
2055337852221677727
2055336378573947391
2055334870071546360
2055333273245516158
2055331764516643180
2055330132647170352
2055328385509847412
2055326490753945667
2055324562049380514
2055322383104250020
2055320108306681943
2055317732342616213
2055315504932241635
2055312813153718439
2055309883163967542
2055306780666683497
2055303372010344709
2055300003309007254
2055296390742622552
2055292201731609050
2055287521538457931
2055282169514242438
2055276876935913833
2055270845229191560
2055262987150082537
2055254627289886767
2055244678895751450
2055232372686086305
2055215731462050301
2055193275540398281
2055157733628719310
2055122957471563980
2055096346558779422
2055069746765115434
2055041757813801053
2055021024198996263
2079205509727478218
2079222259802054870
2079224829845422393
2079288782130417741
2079172194882445346
2079272919700517166
2079256963196567576
2079214333725380662
2079493434512232838
2026203633281274048
2006038274167460015
